****** DATA ******* [[1.0, 2.0, 3.0], [4.0, 5.0, 6.0], [3.0, 4.0, 5.0], [3.0, 4.0, 3.0], [3.0, 2.0, 4.0], [5.0, 3.0, 2.0], [4.0, 3.0, 2.0], [9.0, 0.0, 2.0]]
****** TEST ******* [[1.0, 2.0, 3.0, 0], [4.0, 5.0, 6.0, 0], [3.0, 4.0, 5.0, 0], [3.0, 4.0, 3.0, 0], [3.0, 2.0, 4.0, 1], [5.0, 3.0, 2.0, 1], [4.0, 3.0, 2.0, 0], [9.0, 0.0, 2.0, 1]]
Final prediction [1.0, 2.0, 3.0, 0] : 0
Final prediction [4.0, 5.0, 6.0, 0] : 0
Final prediction [3.0, 4.0, 5.0, 0] : 0
Final prediction [3.0, 4.0, 3.0, 0] : 0
Final prediction [3.0, 2.0, 4.0, 1] : 0
Final prediction [5.0, 3.0, 2.0, 1] : 1
Final prediction [4.0, 3.0, 2.0, 0] : 0
Final prediction [9.0, 0.0, 2.0, 1] : 1
